"","prediction","Cluster_1","Cluster_2","Cluster_3"
"TCGA.DM.A288.01A","Cluster_3",0.000126049812570154,0.00149646654621814,0.998377483641212
"TCGA.QL.A97D.01A","Cluster_3",0.000163695203247983,0.00250240337891797,0.997333901417834
"TCGA.CM.6164.01A","Cluster_2",0.00341250084439958,0.777650701470025,0.218936797685575
"TCGA.G4.6299.01A","Cluster_1",0.999559391259503,0.000418719811849668,2.18889286477533e-05
"TCGA.AA.3542.01A","Cluster_3",6.12210045803064e-05,0.000330188238618005,0.999608590756802
"TCGA.AA.3549.01A","Cluster_3",0.00240559511766327,0.000691455804819024,0.996902949077518
"TCGA.AY.4071.01A","Cluster_3",0.420371773588573,0.0058073041293765,0.573820922282051
"TCGA.CM.4752.01A","Cluster_2",0.128159095981506,0.798750823423179,0.0730900805953144
"TCGA.CM.6165.01A","Cluster_1",0.997764297876149,0.000958176298885305,0.00127752582496563
"TCGA.CM.4751.01A","Cluster_1",0.580115526890315,0.000904669767167218,0.418979803342518
"TCGA.AA.3494.01A","Cluster_3",0.000111700556159233,0.000817368452216956,0.999070930991624
"TCGA.NH.A50U.01A","Cluster_3",8.51074106139313e-05,0.000533699900336822,0.999381192689049
"TCGA.AA.3848.01A","Cluster_3",7.3505478552401e-05,0.000489214011322995,0.999437280510125
"TCGA.CA.6715.01A","Cluster_3",0.000477069778303151,0.0211947503992365,0.97832817982246
"TCGA.AA.3818.01A","Cluster_3",0.000103676936914163,0.000545060393178847,0.999351262669907
"TCGA.A6.6138.01A","Cluster_1",0.9980616073982,0.00091054990896576,0.00102784269283415
"TCGA.CM.5341.01A","Cluster_1",0.999137450070388,7.63272860224844e-06,0.000854917201010192
"TCGA.AA.3506.01A","Cluster_3",0.000109954354101735,0.000456940305876103,0.999433105340022
"TCGA.AA.3673.01A","Cluster_3",0.000563609371525119,0.00131697738560572,0.998119413242869
"TCGA.AU.3779.01A","Cluster_1",0.894844841902567,0.0126397198121334,0.0925154382852998
"TCGA.AD.6890.01A","Cluster_3",9.03192319084971e-05,0.000354382707999802,0.999555298060092
"TCGA.A6.2685.01A","Cluster_1",0.999450492960663,1.61519519667176e-05,0.000533355087370038
"TCGA.AA.A00W.01A","Cluster_3",0.000213272381916954,0.00452931631111824,0.995257411306965
"TCGA.AA.A00Z.01A","Cluster_3",8.45933463127847e-05,0.000596266729256591,0.999319139924431
"TCGA.CA.5255.01A","Cluster_3",7.81907993329874e-05,0.000556160516317437,0.99936564868435
"TCGA.A6.A5ZU.01A","Cluster_1",0.995617150332971,0.00385445531683813,0.00052839435019095
"TCGA.CA.6717.01A","Cluster_1",0.998881089553148,9.04767229797061e-06,0.00110986277455414
"TCGA.AA.3527.01A","Cluster_3",0.000101809749786198,0.00036360394181285,0.999534586308401
"TCGA.A6.2682.11A","Cluster_3",0.00201450870534076,0.447353348808382,0.550632142486277
"TCGA.D5.6539.01A","Cluster_3",8.88698300545171e-05,0.000526754092695141,0.99938437607725
"TCGA.A6.4105.01A","Cluster_1",0.995647279921451,0.000332735700406757,0.00401998437814245
"TCGA.F4.6569.01A","Cluster_1",0.999386140340516,9.97768869909383e-06,0.000603881970784509
"TCGA.D5.6533.01A","Cluster_3",0.000124085791400195,0.000427534552460776,0.999448379656139
"TCGA.F4.6459.01A","Cluster_1",0.999805743544987,7.18573052861053e-05,0.000122399149727269
"TCGA.AA.3970.01A","Cluster_3",0.000518090764251309,0.0132734229752766,0.986208486260472
"TCGA.AZ.6600.11A","Cluster_2",0.00387774994860072,0.651870327599373,0.344251922452027
"TCGA.AA.3524.01A","Cluster_3",8.06667773536796e-05,0.000347340790101854,0.999571992432544
"TCGA.DM.A1D0.01A","Cluster_3",9.73559926163851e-05,0.000893865626743587,0.99900877838064
"TCGA.G4.6307.01A","Cluster_3",7.28679990233453e-05,0.000464350163469329,0.999462781837507
"TCGA.5M.AATE.01A","Cluster_2",0.000301701692912412,0.989287748721272,0.0104105495858155
"TCGA.NH.A6GA.01A","Cluster_3",0.00179811693560312,0.0577491575346586,0.940452725529738
"TCGA.AA.3684.01A","Cluster_1",0.995935154009425,0.000135309568385966,0.00392953642218862
"TCGA.AA.3971.01A","Cluster_3",0.000752162146475816,0.0185798293126012,0.980668008540923
"TCGA.AA.3989.01A","Cluster_3",0.0252170049338336,0.00107592847758896,0.973707066588577
"TCGA.AA.3514.11A","Cluster_3",9.99032061923304e-05,0.000385906385946269,0.999514190407861
"TCGA.AA.A00D.01A","Cluster_1",0.991022002303307,0.00883256137481771,0.000145436321875694
"TCGA.A6.2679.01A","Cluster_3",0.000419555923873663,0.000873018232145744,0.998707425843981
"TCGA.A6.5664.01A","Cluster_1",0.999382643036154,2.39889778606521e-05,0.000593367985985439
"TCGA.AZ.4315.01A","Cluster_3",0.000147954696422268,0.000387174914831039,0.999464870388747
"TCGA.F4.6806.01A","Cluster_2",0.153741649543247,0.843831293966572,0.00242705649018113
"TCGA.AA.3510.01A","Cluster_3",0.00180696904770543,0.175061520980999,0.823131509971295
"TCGA.AY.A71X.01A","Cluster_3",0.000483273570503835,0.0245601917684453,0.974956534661051
"TCGA.AA.3488.01A","Cluster_3",6.18518210289331e-05,0.000330288308532355,0.999607859870439
"TCGA.DM.A28F.01A","Cluster_3",6.74216517949455e-05,0.000399032880212308,0.999533545467993
"TCGA.5M.AAT4.01A","Cluster_3",7.17564996376362e-05,0.000453981245084389,0.999474262255278
"TCGA.A6.5657.01A","Cluster_1",0.999074680670932,1.41499740257712e-05,0.000911169355042464
"TCGA.DM.A28K.01A","Cluster_3",7.14684042044213e-05,0.000458729134611649,0.999469802461184
"TCGA.A6.2678.11A","Cluster_3",0.0293263553990575,0.216750929498055,0.753922715102887
"TCGA.CM.5344.01A","Cluster_1",0.998182056858725,1.96999181286918e-05,0.00179824322314669
"TCGA.AY.6386.01A","Cluster_3",0.000108912973343145,0.000385303280072671,0.999505783746584
"TCGA.AA.3678.01A","Cluster_3",0.000111838783529425,0.000703013694459278,0.999185147522011
"TCGA.AA.A01X.01A","Cluster_2",0.000185721502949251,0.997756613378236,0.0020576651188147
"TCGA.CM.6677.01A","Cluster_3",0.216862091693251,0.00122619683373233,0.781911711473016
"TCGA.D5.6923.01A","Cluster_1",0.999694322775908,3.9862721854743e-05,0.00026581450223686
"TCGA.AZ.6599.11A","Cluster_3",0.354875163707603,0.0518906015677348,0.593234234724662
"TCGA.NH.A6GB.01A","Cluster_3",6.70495182029355e-05,0.000337220629482606,0.999595729852314
"TCGA.CM.5349.01A","Cluster_1",0.999625664710379,2.60084913655946e-05,0.000348326798255339
"TCGA.G4.6625.01A","Cluster_1",0.849435622097987,0.150459147983592,0.000105229918420714
"TCGA.AA.3530.01A","Cluster_2",0.000212920612248153,0.995562695348155,0.00422438403959681
"TCGA.DM.A28G.01A","Cluster_3",0.00107106448593444,0.130260490937789,0.868668444576277
"TCGA.D5.6537.01A","Cluster_3",6.91470660974431e-05,0.000423545640141081,0.999507307293761
"TCGA.D5.5539.01A","Cluster_1",0.968640865470935,0.0311352807730775,0.000223853755987213
"TCGA.CM.6163.01A","Cluster_2",0.078971521565705,0.920459049182156,0.0005694292521394
"TCGA.AZ.6607.01A","Cluster_1",0.9998453469398,6.88876917484146e-05,8.57653684511999e-05
"TCGA.AA.3534.11A","Cluster_3",0.00929132792602146,0.119043805722311,0.871664866351667
"TCGA.AA.A02J.01A","Cluster_3",6.14883042028948e-05,0.0003411042509154,0.999597407444882
"TCGA.AA.3869.01A","Cluster_3",0.00395668845598941,0.00127892066894835,0.994764390875062
"TCGA.AA.3837.01A","Cluster_3",0.00300790639226606,0.000948447354720078,0.996043646253014
"TCGA.5M.AATA.01A","Cluster_2",0.00480571525424148,0.948213351782166,0.0469809329635923
"TCGA.CK.4947.01B","Cluster_1",0.922647291043846,0.000427719656460882,0.0769249892996929
"TCGA.CA.5256.01A","Cluster_3",7.83306117953833e-05,0.000350828493718231,0.999570840894486
"TCGA.CM.6167.01A","Cluster_1",0.999843979451172,7.39115078247263e-05,8.21090410030645e-05
"TCGA.4N.A93T.01A","Cluster_3",8.2410138845539e-05,0.000628291437086276,0.999289298424068
"TCGA.AA.3521.01A","Cluster_2",0.000283071955068599,0.996684480774117,0.00303244727081428
"TCGA.CA.5797.01A","Cluster_3",0.0297024862186176,0.00164679430573239,0.96865071947565
"TCGA.CM.6166.01A","Cluster_3",0.00277746092839572,0.0302483735439525,0.966974165527652
"TCGA.AA.3527.11A","Cluster_3",0.000930045370503372,0.00311687387867605,0.995953080750821
"TCGA.AA.A02O.01A","Cluster_3",8.35305151340736e-05,0.000621221989290114,0.999295247495576
"TCGA.A6.2679.11A","Cluster_3",0.0121195159271252,0.106356933846077,0.881523550226798
"TCGA.AA.3489.11A","Cluster_1",0.998849879417584,8.42360269275133e-06,0.00114169697972378
"TCGA.AY.5543.01A","Cluster_3",6.25019238675503e-05,0.000334793925454297,0.999602704150678
"TCGA.CK.5912.01A","Cluster_2",0.000546622169815934,0.997339183573409,0.0021141942567747
"TCGA.AA.3856.01A","Cluster_3",0.00016228210441029,0.000549380883761658,0.999288337011828
"TCGA.AA.A00Q.01A","Cluster_3",0.00155383283204056,0.0353387299376086,0.963107437230351
"TCGA.AA.A00F.01A","Cluster_3",0.355933984548466,0.00138413377037177,0.642681881681162
"TCGA.D5.6920.01A","Cluster_3",0.00017717704031319,0.000507963649275049,0.999314859310412
"TCGA.D5.5538.01A","Cluster_1",0.998829399472712,9.74601525170709e-06,0.00116085451203642
"TCGA.A6.6782.01A","Cluster_1",0.980851334046662,0.0188423718631033,0.000306294090234301
"TCGA.A6.6654.01A","Cluster_1",0.997938715203122,0.00205793653484999,3.34826202750374e-06
"TCGA.AA.A01D.01A","Cluster_1",0.999398789913932,5.17008759095391e-05,0.000549509210158345
"TCGA.QG.A5YV.01A","Cluster_3",0.000110762836296215,0.00112340483713014,0.998765832326574
"TCGA.A6.3807.01A","Cluster_1",0.927300744694158,0.0605776648481956,0.0121215904576464
"TCGA.AZ.5403.01A","Cluster_1",0.999033621566699,8.44563723869027e-06,0.000957932796062517
"TCGA.AD.6888.01A","Cluster_3",8.41446681475886e-05,0.000654319304557629,0.999261536027295
"TCGA.DM.A1D6.01A","Cluster_3",0.000199058789913709,0.00383787135130987,0.995963069858776
"TCGA.AA.3862.01A","Cluster_3",0.00745283789909954,0.376544652743827,0.616002509357073
"TCGA.AA.3662.11A","Cluster_2",0.0220435914418193,0.957927418874942,0.0200289896832388
"TCGA.AA.3939.01A","Cluster_3",0.00104653706219783,0.00173682434639504,0.997216638591407
"TCGA.AA.3514.01A","Cluster_3",0.000278758026390105,0.000896543037839878,0.99882469893577
"TCGA.AA.3660.01A","Cluster_3",0.0026910418073818,0.107904729184714,0.889404229007904
"TCGA.CM.5863.01A","Cluster_1",0.993006609901557,0.00699062467125146,2.76542719188466e-06
"TCGA.AA.3679.01A","Cluster_2",0.00164835045441886,0.923381640159839,0.0749700093857422
"TCGA.DM.A285.01A","Cluster_3",0.000139002376977434,0.000384667159325209,0.999476330463697
"TCGA.G4.6294.01A","Cluster_2",0.00032989937943941,0.987236558391813,0.0124335422287472
"TCGA.A6.4107.01A","Cluster_1",0.971810426616982,0.000120043472769188,0.0280695299102484
"TCGA.CA.6716.01A","Cluster_2",0.00128241356844992,0.996761841824777,0.00195574460677314
"TCGA.CK.4952.01A","Cluster_3",0.000244709168778144,0.000513451705990573,0.999241839125231
"TCGA.AA.3844.01A","Cluster_3",0.000880481338737678,0.0752586007106287,0.923860917950634
"TCGA.D5.6541.01A","Cluster_1",0.999649269842276,0.000306251360858339,4.44787968653216e-05
"TCGA.AA.3870.01A","Cluster_1",0.999067184978296,7.46643962269101e-06,0.000925348582081254
"TCGA.D5.5541.01A","Cluster_2",0.301421088849504,0.671000730385871,0.0275781807646245
"TCGA.DM.A1DB.01A","Cluster_3",0.000978284030286166,0.117016920852335,0.882004795117379
"TCGA.F4.6463.01A","Cluster_1",0.99952762483414,0.000162590507291397,0.000309784658568671
"TCGA.NH.A6GC.01A","Cluster_2",0.160841731751969,0.838692812261986,0.000465455986045017
"TCGA.DM.A28M.01A","Cluster_3",0.000108877918585168,0.00112403063009976,0.998767091451315
"TCGA.D5.6926.01A","Cluster_1",0.990776800419241,0.00922171122731695,1.48835344172374e-06
"TCGA.AA.A01K.01A","Cluster_1",0.997777926644086,4.21324084836474e-05,0.0021799409474307
"TCGA.AA.3984.01A","Cluster_1",0.905049722505761,0.000342983000958151,0.0946072944932808
"TCGA.D5.6536.01A","Cluster_1",0.747031164661287,0.252554171514777,0.000414663823936164
"TCGA.AD.A5EK.01A","Cluster_2",0.000347195342565312,0.987267432240981,0.0123853724164539
"TCGA.AD.6965.01A","Cluster_3",7.56039592415394e-05,0.000353334868449538,0.999571061172309
"TCGA.CM.4744.01A","Cluster_3",6.06370636278511e-05,0.000329543540901657,0.999609819395471
"TCGA.AA.3712.01A","Cluster_3",0.0360287667196156,0.00153592545087402,0.96243530782951
"TCGA.AZ.5407.01A","Cluster_3",0.000347015135055431,0.011087860410993,0.988565124453952
"TCGA.G4.6314.01A","Cluster_1",0.998839027636802,7.8211710284185e-06,0.00115315119216965
"TCGA.CM.5348.01A","Cluster_1",0.99754199033244,0.00245476994921831,3.23971834179063e-06
"TCGA.CK.6751.01A","Cluster_1",0.959240982508577,0.000147436721990472,0.0406115807694322
"TCGA.AA.3675.01A","Cluster_2",0.000786995512472854,0.97894902841351,0.0202639760740175
"TCGA.A6.2681.01A","Cluster_1",0.984801059084832,0.000240297894392865,0.0149586430207749
"TCGA.F4.6808.01A","Cluster_3",0.000719618065178844,0.0559221683787835,0.943358213556038
"TCGA.DM.A282.01A","Cluster_3",0.000394090732979055,0.0137790262527926,0.985826883014228
"TCGA.AA.3489.01A","Cluster_1",0.999836567431149,7.09014016114267e-05,9.25311672397899e-05
"TCGA.AA.3544.01A","Cluster_3",0.00867205710976804,0.000885217852691981,0.99044272503754
"TCGA.AA.3956.01A","Cluster_3",0.0173251607104066,0.256208483206896,0.726466356082697
"TCGA.AA.3532.01A","Cluster_1",0.993838338951346,6.5896675164923e-05,0.00609576437348889
"TCGA.AA.3955.01A","Cluster_3",0.000214705672707266,0.000447636071655814,0.999337658255637
"TCGA.F4.6704.01A","Cluster_1",0.999762491505226,2.96852956093062e-05,0.000207823199165134
"TCGA.AA.3556.01A","Cluster_3",0.000475548062902192,0.000730011742779036,0.998794440194319
"TCGA.RU.A8FL.01A","Cluster_3",8.27810158956655e-05,0.000636983305852613,0.999280235678252
"TCGA.AA.3851.01A","Cluster_3",0.200638972092574,0.00243502508946818,0.796926002817958
"TCGA.CM.5860.01A","Cluster_1",0.999242315392683,8.72595649217706e-06,0.000748958650824634
"TCGA.AA.3534.01A","Cluster_2",0.0107464363885269,0.935435912887495,0.0538176507239775
"TCGA.AA.A02F.01A","Cluster_3",0.000269122740629842,0.000579598010275584,0.999151279249095
"TCGA.AA.3979.01A","Cluster_3",6.12112374443448e-05,0.000335897748746429,0.999602891013809
"TCGA.AA.3522.01A","Cluster_3",0.00022212174828532,0.00356692747529636,0.996210950776418
"TCGA.AA.A00U.01A","Cluster_3",7.51371444157356e-05,0.000406783562599177,0.999518079292985
"TCGA.A6.2671.11A","Cluster_3",0.00395151311070123,0.00597485148425706,0.990073635405042
"TCGA.A6.5662.11A","Cluster_1",0.98244478587153,0.000163011015572856,0.0173922031128974
"TCGA.F4.6807.01A","Cluster_1",0.999615143978144,0.000358000868344883,2.68551535109758e-05
"TCGA.AZ.6599.01A","Cluster_2",0.000188753247557927,0.995615038623515,0.00419620812892758
"TCGA.AA.3841.01A","Cluster_3",0.00138474278940284,0.0287785079852992,0.969836749225298
"TCGA.AA.3814.01A","Cluster_1",0.996191954497107,0.00376399888097767,4.40466219150919e-05
"TCGA.CM.6679.01A","Cluster_1",0.997387681703289,0.00260755823133265,4.76006537830701e-06
"TCGA.A6.6649.01A","Cluster_2",0.0729082720399462,0.826372559128994,0.10071916883106
"TCGA.G4.6297.01A","Cluster_1",0.998429948687336,0.00156500411177984,5.04720088444847e-06
"TCGA.DM.A0X9.01A","Cluster_2",0.00152201510094093,0.580076234969924,0.418401749929135
"TCGA.AA.3511.01A","Cluster_1",0.932773630330972,0.00228406571601811,0.0649423039530096
"TCGA.A6.A56B.01A","Cluster_1",0.99712178547115,2.31545356885772e-05,0.00285505999316193
"TCGA.A6.5667.01A","Cluster_3",0.125472710441439,0.0184509835195096,0.856076306039052
"TCGA.CM.5868.01A","Cluster_1",0.791988666474799,0.000748829192463117,0.207262504332738
"TCGA.AA.A017.01A","Cluster_3",0.00209682284747123,0.0226536634659395,0.975249513686589
"TCGA.DM.A1D8.01A","Cluster_2",0.000612222918358972,0.954560778105676,0.0448269989759651
"TCGA.CM.6170.01A","Cluster_1",0.876565150470481,0.122982681830202,0.000452167699317016
"TCGA.DM.A28E.01A","Cluster_2",0.00147770756084109,0.505075595191732,0.493446697247427
"TCGA.AA.3994.01A","Cluster_3",0.000767750556080656,0.00686626938092502,0.992365980062994
"TCGA.AA.A00L.01A","Cluster_3",0.00112340217226653,0.157117125334397,0.841759472493336
"TCGA.CM.5864.01A","Cluster_2",0.000286237399777672,0.990354256251255,0.0093595063489679
"TCGA.AA.3712.11A","Cluster_2",0.000691510682434128,0.97174853733708,0.0275599519804862
"TCGA.D5.6898.01A","Cluster_1",0.991843159749883,7.81933489148729e-05,0.0080786469012024
"TCGA.AA.3511.11A","Cluster_2",0.00465789915504615,0.742316426951486,0.253025673893468
"TCGA.AZ.4682.01B","Cluster_3",8.00564581973247e-05,0.000521016323688125,0.999398927218115
"TCGA.A6.5667.11A","Cluster_2",0.00210549929197895,0.509841030649996,0.488053470058025
"TCGA.AA.3696.01A","Cluster_2",0.00401932204638152,0.994207960789756,0.00177271716386221
"TCGA.DM.A280.01A","Cluster_3",7.53104978888107e-05,0.000342932681930836,0.99958175682018
"TCGA.AA.3660.11A","Cluster_3",0.000801742722849882,0.0103215715814699,0.98887668569568
"TCGA.D5.6531.01A","Cluster_3",0.0123458426665935,0.00087715497079364,0.986777002362613
"TCGA.DM.A1HA.01A","Cluster_3",6.54667953924159e-05,0.000389326980810795,0.999545206223797
"TCGA.F4.6809.01A","Cluster_1",0.997937631587466,3.08747705506152e-05,0.00203149364198299
"TCGA.CM.4748.01A","Cluster_3",0.427000424380297,0.00152799652726801,0.571471579092436
"TCGA.AA.3858.01A","Cluster_2",0.0273910040384871,0.679754840999714,0.292854154961799
"TCGA.AA.3662.01A","Cluster_2",0.000552503889519433,0.996404161631662,0.00304333447881869
"TCGA.AM.5820.01A","Cluster_3",0.000836843181491097,0.0139141463505368,0.985249010467972
"TCGA.AA.A02K.01A","Cluster_3",6.28969034035428e-05,0.000355945412032812,0.999581157684564
"TCGA.G4.6310.01A","Cluster_2",0.10252638176979,0.640386131591777,0.257087486638434
"TCGA.AA.3872.01A","Cluster_1",0.999675087462042,0.000292591983742161,3.23205542157886e-05
"TCGA.AA.3975.01A","Cluster_2",0.00207588098227859,0.802040850003336,0.195883269014385
"TCGA.AA.3562.01A","Cluster_3",0.000738342642957875,0.00079880551359701,0.998462851843445
"TCGA.D5.6931.01A","Cluster_1",0.894284417207177,0.000324117338602855,0.10539146545422
"TCGA.D5.6924.01A","Cluster_1",0.93894502561048,0.0609909916806802,6.39827088393535e-05
"TCGA.AA.3860.01A","Cluster_3",0.406113556658579,0.00447473200341723,0.589411711338004
"TCGA.CA.6718.01A","Cluster_1",0.99110686121161,9.12381406799147e-05,0.00880190064770967
"TCGA.A6.2685.11A","Cluster_3",0.000400287255084613,0.0113639196191915,0.988235793125724
"TCGA.G4.6323.01A","Cluster_2",0.000147383801560017,0.997421824159215,0.00243079203922527
"TCGA.AA.3986.01A","Cluster_2",0.0481968505194051,0.824425488245893,0.127377661234702
"TCGA.A6.5662.01A","Cluster_2",0.198575720844348,0.800997462029762,0.000426817125889764
"TCGA.AA.3831.01A","Cluster_3",0.000137613516171353,0.000531949450301879,0.999330437033527
"TCGA.AA.A02H.01A","Cluster_3",0.000276868745592696,0.00487127493679684,0.99485185631761
"TCGA.AD.6899.01A","Cluster_1",0.999495251609687,0.00012316873308131,0.000381579657231645
"TCGA.AA.3685.01A","Cluster_3",0.0021636866324509,0.00272796992029807,0.995108343447251
"TCGA.CK.5915.01A","Cluster_3",8.32516439857073e-05,0.000624774809928009,0.999291973546086
"TCGA.AA.3548.01A","Cluster_3",0.000173376475301549,0.000457006912232649,0.999369616612466
"TCGA.A6.6141.01A","Cluster_3",0.00363837638643744,0.258582040345979,0.737779583267584
"TCGA.F4.6461.01A","Cluster_1",0.994366868067314,0.00561712909955156,1.60028331345014e-05
"TCGA.F4.6854.01A","Cluster_3",0.00296581963906648,0.0566252092330069,0.940408971127927
"TCGA.AA.3538.01A","Cluster_3",0.380274720960881,0.22056415643288,0.399161122606238
"TCGA.AA.3842.01A","Cluster_3",0.258189108108246,0.00120093439176959,0.740609957499984
"TCGA.AZ.4308.01A","Cluster_1",0.56559923931994,0.000922005121115554,0.433478755558944
"TCGA.AA.3509.01A","Cluster_3",0.000151148571002837,0.000472194654631987,0.999376656774365
"TCGA.AZ.6605.11A","Cluster_1",0.999453725348759,1.1624685331574e-05,0.000534649965909824
"TCGA.CM.6680.01A","Cluster_1",0.840334154562907,0.159520214309106,0.000145631127986917
"TCGA.A6.6140.01A","Cluster_3",0.000101817350294991,0.000946436708118747,0.998951745941586
"TCGA.A6.2682.01A","Cluster_1",0.995705525631757,2.49759150094933e-05,0.00426949845323317
"TCGA.CM.6675.01A","Cluster_3",8.47878868229738e-05,0.000349931151176786,0.999565280962
"TCGA.DM.A1D7.01A","Cluster_3",8.75141847099779e-05,0.000689271954335773,0.999223213860954
"TCGA.F4.6460.01A","Cluster_1",0.986345314167878,0.000182367264072917,0.0134723185680496
"TCGA.AA.3655.01A","Cluster_3",0.000917482520603618,0.00277128215226952,0.996311235327127
"TCGA.CM.6169.01A","Cluster_1",0.999305187326239,0.000683793068463459,1.10196052973332e-05
"TCGA.AA.3952.01A","Cluster_1",0.948310685396108,0.00130465679403672,0.0503846578098554
"TCGA.T9.A92H.01A","Cluster_3",6.05416188063407e-05,0.000329071193235283,0.999610387187958
"TCGA.AA.3846.01A","Cluster_3",0.0149614451859767,0.22679725363184,0.758241301182184
"TCGA.CK.4950.01A","Cluster_3",0.00093269488180456,0.000605720922026504,0.998461584196169
"TCGA.AZ.6600.01A","Cluster_1",0.997179041099979,0.000433257672558486,0.00238770122746217
"TCGA.AA.3522.11A","Cluster_3",0.000165009244681023,0.00171050251951234,0.998124488235807
"TCGA.AZ.6606.01A","Cluster_3",0.000103655541862855,0.00100397360821779,0.998892370849919
"TCGA.D5.6922.01A","Cluster_1",0.990750120465239,0.00710988491682685,0.00213999461793461
"TCGA.A6.6137.01A","Cluster_3",0.000429156362237726,0.00552873889797607,0.994042104739786
"TCGA.AA.3495.01A","Cluster_3",9.14070276540603e-05,0.000368752250691397,0.999539840721654
"TCGA.D5.7000.01A","Cluster_3",0.0566989529093638,0.00248580297060987,0.940815244120026
"TCGA.A6.2678.01A","Cluster_3",0.121698285871332,0.00522946961736528,0.873072244511303
"TCGA.F4.6704.11A","Cluster_3",0.0277320451256952,0.0061173311391751,0.96615062373513
"TCGA.AA.3976.01A","Cluster_3",0.000868361466429612,0.00227241493533494,0.996859223598236
"TCGA.AA.A01V.01A","Cluster_3",6.59456692091568e-05,0.000389484110061359,0.999544570220729
"TCGA.CM.6172.01A","Cluster_3",0.000162660618284916,0.000504464119345026,0.99933287526237
"TCGA.AA.A02Y.01A","Cluster_2",0.00140597189044694,0.640959986412198,0.357634041697355
"TCGA.AZ.6603.01A","Cluster_1",0.454272851394903,0.341414502726216,0.204312645878882
"TCGA.NH.A8F8.01A","Cluster_3",0.00765623225543192,0.0114978435127851,0.980845924231783
"TCGA.G4.6626.01A","Cluster_3",7.36501660919296e-05,0.000480456520877041,0.999445893313031
"TCGA.AA.3875.01A","Cluster_3",0.00124300122929919,0.000714502208448976,0.998042496562252
"TCGA.G4.6306.01A","Cluster_3",7.26760665710165e-05,0.000484373850011659,0.999442950083417
"TCGA.CK.6748.01A","Cluster_1",0.999766286363383,4.09335724833508e-05,0.000192780064133366
"TCGA.A6.6142.01A","Cluster_1",0.99699365148527,0.00300381768271018,2.53083201923507e-06
"TCGA.CA.5796.01A","Cluster_2",0.000560443437076273,0.964832159034762,0.0346073975281613
"TCGA.A6.A567.01A","Cluster_2",0.00102880056630051,0.989866841388956,0.00910435804474365
"TCGA.A6.6648.01A","Cluster_3",9.27363387295958e-05,0.00075151692058872,0.999155746740682
"TCGA.AY.A8YK.01A","Cluster_3",0.000266170696048599,0.00671519941531512,0.993018629888636
"TCGA.DM.A1D9.01A","Cluster_2",0.000279500894660209,0.990817397574884,0.00890310153045612
"TCGA.AA.3666.01A","Cluster_3",0.000959533809466315,0.0896501169637872,0.909390349226747
"TCGA.A6.6652.01A","Cluster_2",0.000142244570114678,0.997641079505266,0.00221667592461894
"TCGA.AA.3655.11A","Cluster_3",0.0223421446141889,0.0122465894511112,0.9654112659347
"TCGA.AY.4070.01A","Cluster_1",0.728644431941262,0.00279889978841681,0.268556668270321
"TCGA.AZ.6605.01A","Cluster_1",0.999726589270181,2.44947581244825e-05,0.000248915971694228
"TCGA.DM.A28C.01A","Cluster_2",0.000138177846252709,0.997630359031095,0.00223146312265275
"TCGA.AA.3980.01A","Cluster_3",0.00263730893849948,0.0855619746426846,0.911800716418816
"TCGA.AZ.6603.11A","Cluster_1",0.999355916834394,1.11378338884826e-05,0.000632945331717696
"TCGA.AA.3681.01A","Cluster_3",0.000100150709019153,0.000387847299275957,0.999512001991705
"TCGA.A6.2671.01A","Cluster_1",0.995740814330401,3.25270294235462e-05,0.0042266586401752
"TCGA.D5.6535.01A","Cluster_3",0.128778112591306,0.00929426489077469,0.861927622517919
"TCGA.AD.6963.01A","Cluster_3",0.000114535359238499,0.00107467188270186,0.99881079275806
"TCGA.NH.A50T.01A","Cluster_3",6.04694530116366e-05,0.000329034317905286,0.999610496229083
"TCGA.CK.5914.01A","Cluster_3",8.60258111238628e-05,0.000389922520055044,0.999524051668821
"TCGA.AA.A03J.01A","Cluster_3",0.000148715142409683,0.00184108391322295,0.998010200944367
"TCGA.AA.3519.01A","Cluster_3",6.33318888067742e-05,0.000336646917010272,0.999600021194183
"TCGA.AA.A01T.01A","Cluster_3",6.14820700727969e-05,0.000330203007426981,0.9996083149225
"TCGA.CM.6678.01A","Cluster_3",0.0001770402875034,0.00159367540233288,0.998229284310164
"TCGA.A6.6651.01A","Cluster_1",0.996945044931163,0.00305250212143021,2.45294740721554e-06
"TCGA.AA.3850.01A","Cluster_3",0.0411618800963323,0.00138148510394356,0.957456634799724
"TCGA.AA.3812.01A","Cluster_3",0.431131420412689,0.00875439611928538,0.560114183468026
"TCGA.AA.A01Z.01A","Cluster_3",6.8857177287469e-05,0.00036583564445823,0.999565307178254
"TCGA.SS.A7HO.01A","Cluster_2",0.000205443549038127,0.995037241967066,0.00475731448389605
"TCGA.G4.6315.01A","Cluster_3",0.000238183955412968,0.00553796439736454,0.994223851647222
"TCGA.D5.6534.01A","Cluster_1",0.992400113321282,0.00759887793753519,1.00874118248194e-06
"TCGA.AA.3664.01A","Cluster_3",0.00166130702349767,0.43393819978971,0.564400493186792
"TCGA.A6.2680.11A","Cluster_3",0.000283685175336898,0.000497754108092468,0.999218560716571
"TCGA.AA.3968.01A","Cluster_1",0.964575464147736,0.00022102186982992,0.0352035139824337
"TCGA.AA.3867.01A","Cluster_1",0.9995313932221,6.91291683609087e-05,0.000399477609539206
"TCGA.F4.6805.01A","Cluster_1",0.999400813966771,1.3901353560187e-05,0.000585284679668963
"TCGA.AA.3560.01A","Cluster_3",0.00012548048974586,0.000378303859877106,0.999496215650377
"TCGA.D5.5537.01A","Cluster_3",0.0289396935161737,0.242319913370128,0.728740393113699
"TCGA.CM.5862.01A","Cluster_3",0.00431241189627165,0.470707098135599,0.524980489968129
"TCGA.D5.6932.01A","Cluster_3",0.252474265479996,0.00168366681126665,0.745842067708737
"TCGA.DM.A28A.01A","Cluster_2",0.0204151882060146,0.799398121434349,0.180186690359637
"TCGA.G4.6311.01A","Cluster_1",0.998094462936005,0.00187806529740452,2.747176659063e-05
"TCGA.AA.A01F.01A","Cluster_3",0.00100335939834671,0.123361059220006,0.875635581381648
"TCGA.AA.3552.01A","Cluster_3",9.13654231359779e-05,0.000377392575962323,0.999531242000902
"TCGA.A6.5660.01A","Cluster_1",0.402215611960341,0.306715119148463,0.291069268891196
"TCGA.AA.A01I.01A","Cluster_3",0.000628631434142217,0.0400167262018979,0.95935464236396
"TCGA.AA.A03F.01A","Cluster_3",6.06124467219462e-05,0.00032931776676267,0.999610069786515
"TCGA.3L.AA1B.01A","Cluster_3",0.00389292956127463,0.484384113242298,0.511722957196427
"TCGA.AA.3693.01A","Cluster_3",0.000190190109226864,0.00205774956928451,0.997752060321489
"TCGA.AA.A01C.01A","Cluster_3",0.00806970900759638,0.000884532420927883,0.991045758571476
"TCGA.A6.2680.01A","Cluster_3",0.000102641272232212,0.000691332512789806,0.999206026214978
"TCGA.AA.3977.01A","Cluster_1",0.991494495294398,4.12149364253765e-05,0.00846428976917725
"TCGA.AA.3561.01A","Cluster_3",6.67524468096597e-05,0.000401349647772509,0.999531897905418
"TCGA.AA.3555.01A","Cluster_3",0.276296399130586,0.00247045538932787,0.721233145480086
